NAME : single
TYPE : ATSP
DIMENSION : 54
EDGE_WEIGHT_TYPE : EXPLICIT
EDGE_WEIGHT_FORMAT : FULL_MATRIX
EDGE_WEIGHT_SECTION
0 622 982 1187 1261 1192 1362 353 471 1679 451 1077 791 751 1162 1072 695 945 867 652 425 1096 662 1309 170 967 1412 912 574 225 1272 617 485 1159 878 782 1029 777 926 298 1198 400 1457 814 280 316 617 627 1182 147 1194 974 462 1596 
199849 0 656 1114 1156 1282 875 606 676 1191 592 733 918 731 1039 590 821 876 662 263 693 1009 198 1189 770 1094 927 417 780 459 1352 602 509 1286 1004 804 672 394 485 434 715 221 1114 940 632 444 733 606 1192 634 980 1057 485 1252 
199785 656 0 868 659 950 607 922 812 923 713 366 608 265 543 317 732 380 155 476 834 762 495 692 1132 724 657 467 709 784 1029 899 1053 875 722 758 360 345 170 838 442 852 747 703 941 849 576 388 883 894 484 740 563 885 
199755 1114 868 0 641 223 541 857 747 679 796 545 437 697 528 551 507 522 746 953 789 105 947 678 1041 428 593 697 646 1198 403 612 752 568 324 433 602 823 697 1269 425 1321 676 388 906 1377 622 783 181 1070 587 273 964 972 
199729 1156 659 641 0 564 751 1140 996 642 934 424 760 522 116 820 883 325 502 892 1053 655 957 69 1408 403 681 970 892 1048 380 1159 1299 215 699 928 483 761 673 1119 837 1338 407 763 1198 1239 760 644 472 1174 175 610 825 501 
199770 1282 950 223 564 0 709 847 734 718 760 697 409 745 451 719 518 570 794 1056 780 273 1115 601 1114 225 761 865 631 1188 336 778 918 405 335 599 745 925 865 1259 593 1489 777 399 923 1341 586 773 91 1045 510 245 954 1010 
199707 875 607 541 751 709 0 1068 957 355 1007 528 648 733 763 306 718 733 617 742 1000 435 708 738 1255 698 131 489 855 1165 779 890 1044 877 534 783 595 611 436 1223 187 1082 343 598 1144 1233 832 826 618 1275 704 483 970 750 
199938 606 922 857 1140 847 1068 0 145 1368 248 1017 463 691 1027 819 350 888 807 592 87 751 602 1177 267 740 1120 647 247 425 926 301 178 932 533 437 998 719 894 497 946 754 1373 469 90 610 380 568 837 250 1086 629 402 1536 
199912 676 812 747 996 734 957 145 0 1257 112 872 326 547 882 706 239 744 663 468 59 640 477 1032 412 596 1009 593 103 498 813 243 324 788 422 314 854 575 750 570 832 859 1253 358 202 664 235 423 726 323 941 516 277 1392 
199666 1191 923 679 642 718 355 1368 1257 0 1307 616 948 942 655 622 1018 820 826 1058 1300 751 1024 630 1593 784 285 804 1155 1480 479 1206 1360 644 834 1083 681 927 752 1540 497 1398 235 898 1444 1551 1132 1065 626 1581 596 783 1246 641 
199901 592 713 796 934 760 1007 248 112 1307 0 808 358 482 821 804 308 677 598 384 161 690 393 971 515 534 1059 644 205 439 839 356 427 726 472 416 760 508 657 510 891 764 1189 428 306 580 174 359 776 304 880 551 194 1328 
199766 733 366 545 424 697 528 1017 872 616 808 0 596 325 307 397 720 204 209 470 929 439 534 457 1227 472 628 547 769 864 777 919 1073 620 537 785 66 339 250 934 413 915 380 601 1052 946 637 449 622 989 248 486 629 519 
199847 918 608 437 760 409 648 463 326 948 358 596 0 343 647 603 144 468 459 654 382 331 719 797 730 360 700 548 222 786 489 499 641 552 113 269 643 523 639 857 532 1100 952 96 528 939 184 372 417 643 706 192 552 1115 
199831 731 265 697 522 745 733 691 547 942 482 325 343 0 414 442 467 196 115 467 603 590 532 564 901 519 782 593 443 538 824 723 812 693 456 493 326 338 296 609 568 913 706 438 727 738 311 123 676 664 443 536 304 845 
199749 1039 543 528 116 451 763 1027 882 655 821 307 647 414 0 703 777 217 386 776 939 542 841 149 1294 289 693 854 779 949 497 1045 1186 332 594 815 367 645 557 1020 721 1221 419 658 1084 1122 647 537 359 1075 59 504 718 558 
199764 590 317 551 820 719 306 819 706 622 804 397 603 442 703 0 516 541 326 452 731 445 423 853 970 708 339 182 602 875 788 604 759 887 544 499 336 321 146 937 125 797 610 505 854 948 661 536 628 985 644 493 680 917 
199869 821 732 507 883 518 718 350 239 1018 308 720 144 467 777 516 0 593 583 626 282 401 654 927 617 487 769 404 154 737 597 355 497 666 183 124 769 495 641 810 602 1028 1022 119 426 889 156 343 486 563 836 279 502 1240 
199793 876 380 522 325 570 733 888 744 820 677 204 468 196 217 541 593 0 223 613 800 416 678 367 1095 344 833 691 640 732 649 888 1007 512 409 658 204 482 394 803 618 1059 584 473 924 923 508 320 501 858 258 358 500 723 
199808 662 155 746 502 794 617 807 663 826 598 209 459 115 386 326 583 223 0 399 719 639 464 536 1017 568 666 477 559 654 873 839 928 719 572 609 210 268 180 725 452 844 590 554 843 755 427 239 726 780 327 583 420 729 
199851 263 476 953 892 1056 742 592 468 1058 384 470 654 467 776 452 626 613 399 0 505 848 64 926 802 830 792 314 572 472 1135 449 603 1022 768 643 409 130 305 502 577 445 850 745 612 513 470 343 1031 565 717 847 227 989 
199923 693 834 789 1053 780 1000 87 59 1300 161 929 382 603 939 731 282 800 719 505 0 683 514 1089 354 653 1052 558 160 513 859 213 266 845 465 370 911 632 807 586 857 826 1305 401 145 698 292 480 768 339 998 561 315 1449 
199770 1009 762 105 655 273 435 751 640 751 690 439 331 590 542 445 401 416 639 848 683 0 842 692 967 381 487 592 538 1091 431 538 679 560 217 360 496 717 592 1162 320 1216 740 281 827 1270 515 676 183 964 601 166 857 959 
199849 198 495 947 957 1115 708 602 477 1024 393 534 719 532 841 423 654 678 464 64 514 842 0 990 812 895 760 250 581 532 1185 483 637 1087 833 637 473 195 325 514 548 380 915 773 621 525 535 408 1025 575 782 890 286 1054 
199720 1189 692 678 69 601 738 1177 1032 630 971 457 797 564 149 853 927 367 536 926 1089 692 990 0 1444 439 668 1003 929 1096 449 1195 1335 284 744 965 517 795 707 1166 871 1371 394 807 1234 1272 796 687 509 1221 208 654 868 446 
199953 770 1132 1041 1408 1114 1255 267 412 1593 515 1227 730 901 1294 970 617 1095 1017 802 354 967 812 1444 0 1007 1307 797 514 396 1194 492 338 1199 800 648 1179 927 1076 469 1095 571 1559 736 212 487 647 777 1092 237 1344 896 612 1746 
199798 1094 724 428 403 225 698 740 596 784 534 472 360 519 289 708 487 344 568 830 653 381 895 439 1007 0 750 854 492 962 305 841 919 221 304 612 519 699 709 1033 582 1276 709 368 798 1115 360 548 259 819 348 214 728 848 
199696 927 657 593 681 761 131 1120 1009 285 1059 628 700 782 693 339 769 833 666 792 1052 487 760 668 1307 750 0 522 907 1214 765 941 1096 897 586 835 676 661 486 1274 214 1134 274 650 1195 1285 884 876 670 1325 634 535 1020 680 
199798 417 467 697 970 865 489 647 593 804 644 547 548 593 854 182 404 691 477 314 558 592 250 1003 797 854 522 0 490 782 935 431 586 1033 587 387 486 271 296 764 307 624 793 523 681 775 560 486 775 825 795 640 536 1067 
199891 780 709 646 892 631 855 247 103 1155 205 769 222 443 779 602 154 640 559 572 160 538 581 929 514 492 907 490 0 601 710 347 426 685 320 211 751 472 646 673 729 963 1150 262 305 768 132 320 624 427 838 412 382 1289 
199929 459 784 1198 1048 1188 1165 425 498 1480 439 864 786 538 949 875 737 732 654 472 513 1091 532 1096 396 962 1214 782 601 0 1268 668 567 1155 900 784 831 604 728 72 1000 457 1245 856 390 216 602 414 1177 174 981 979 245 1383 
199754 1352 1029 403 380 336 779 926 813 479 839 777 489 824 497 788 597 649 873 1135 859 431 1185 449 1194 305 765 935 710 1268 0 934 1074 164 414 704 824 1004 935 1338 663 1559 714 478 1003 1420 665 853 248 1124 556 324 1033 771 
199873 602 899 612 1159 778 890 301 243 1206 356 919 499 723 1045 604 355 888 839 449 213 538 483 1195 492 841 941 431 347 668 934 0 154 1022 538 230 858 580 728 738 731 824 1194 474 336 809 479 600 686 552 1104 635 422 1438 
199904 509 1053 752 1299 918 1044 178 324 1360 427 1073 641 812 1186 759 497 1007 928 603 266 679 637 1335 338 919 1096 586 426 567 1074 154 0 1111 680 372 1012 734 883 639 885 731 1348 616 205 770 559 688 826 420 1245 776 523 1593 
199759 1286 875 568 215 405 877 932 788 644 726 620 552 693 332 887 666 512 719 1022 845 560 1087 284 1199 221 897 1033 685 1155 164 1022 1111 0 483 791 685 892 871 1225 762 1468 622 547 990 1307 552 740 413 1011 391 393 920 717 
199833 1004 722 324 699 335 534 533 422 834 472 537 113 456 594 544 183 409 572 768 465 217 833 744 800 304 586 587 320 900 414 538 680 483 0 308 585 637 691 971 419 1211 839 63 609 1052 297 485 303 746 653 98 666 1056 
199846 804 758 433 928 599 783 437 314 1083 416 785 269 493 815 499 124 658 609 643 370 360 637 965 648 612 835 387 211 784 704 230 372 791 308 0 790 512 624 855 626 984 1087 244 510 966 281 369 507 638 874 404 550 1305 
199776 672 360 602 483 745 595 998 854 681 760 66 643 326 367 336 769 204 210 409 911 496 473 517 1179 519 676 486 751 831 824 858 1012 685 585 790 0 278 189 903 461 854 445 649 988 914 618 449 677 941 308 534 630 584 
199826 394 345 823 761 925 611 719 575 927 508 339 523 338 645 321 495 482 268 130 632 717 195 795 927 699 661 271 472 604 1004 580 734 892 637 512 278 0 174 629 446 576 719 614 744 640 339 214 900 689 586 716 359 858 
199796 485 170 697 673 865 436 894 750 752 657 250 639 296 557 146 641 394 180 305 807 592 325 707 1076 709 486 296 646 728 935 728 883 871 691 624 189 174 0 800 271 681 631 652 885 811 514 390 775 838 498 640 534 770 
199915 434 838 1269 1119 1259 1223 497 570 1540 510 934 857 609 1020 937 810 803 725 502 586 1162 514 1166 469 1033 1274 764 673 72 1338 738 639 1225 971 855 903 629 800 0 1063 431 1315 929 462 191 673 485 1248 246 1052 1050 316 1454 
199738 715 442 425 837 593 187 946 832 497 891 413 532 568 721 125 602 618 452 577 857 320 548 871 1095 582 214 307 729 1000 663 731 885 762 419 626 461 446 271 1063 0 922 485 483 981 1074 717 662 503 1110 662 368 806 891 
199894 221 852 1321 1338 1489 1082 754 859 1398 764 915 1100 913 1221 797 1028 1059 844 445 826 1216 380 1371 571 1276 1134 624 963 457 1559 824 731 1468 1211 984 854 576 681 431 922 0 1296 1147 681 314 916 788 1399 548 1162 1264 657 1435 
199690 1114 747 676 407 777 343 1373 1253 235 1189 380 952 706 419 610 1022 584 590 850 1305 740 915 394 1559 709 274 793 1150 1245 714 1194 1348 622 839 1087 445 719 631 1315 485 1296 0 903 1433 1326 1017 830 685 1370 360 788 1010 406 
199845 940 703 388 763 399 598 469 358 898 428 601 96 438 658 505 119 473 554 745 401 281 773 807 736 368 650 523 262 856 478 474 616 547 63 244 649 614 652 929 483 1147 903 0 545 1008 275 463 367 682 717 160 622 1120 
199952 632 941 906 1198 923 1144 90 202 1444 306 1052 528 727 1084 854 426 924 843 612 145 827 621 1234 212 798 1195 681 305 390 1003 336 205 990 609 510 988 744 885 462 981 681 1433 545 0 575 437 603 913 215 1143 705 422 1572 
199898 444 849 1377 1239 1341 1233 610 664 1551 580 946 939 738 1122 948 889 923 755 513 698 1270 525 1272 487 1115 1285 775 768 216 1420 809 770 1307 1052 966 914 640 811 191 1074 314 1326 1008 575 0 754 614 1356 391 1063 1131 445 1465 
199868 733 576 622 760 586 832 380 235 1132 174 637 184 311 647 661 156 508 427 470 292 515 535 796 647 360 884 560 132 602 665 479 559 552 297 281 618 339 514 673 717 916 1017 275 437 754 0 187 601 469 706 377 368 1156 
199856 606 388 783 644 773 826 568 423 1065 359 449 372 123 537 536 343 320 239 343 480 676 408 687 777 548 876 486 320 414 853 600 688 740 485 369 449 214 390 485 662 788 830 463 603 614 187 0 762 540 567 564 180 968 
199772 1192 883 181 472 91 618 837 726 626 776 622 417 676 359 628 486 501 726 1031 768 183 1025 509 1092 259 670 775 624 1177 248 686 826 413 303 507 677 900 775 1248 503 1399 685 367 913 1356 601 762 0 1050 418 252 943 918 
199959 634 894 1070 1174 1045 1275 250 323 1581 304 989 643 664 1075 985 563 858 780 565 339 964 575 1221 237 819 1325 825 427 174 1124 552 420 1011 746 638 941 689 838 246 1110 548 1370 682 215 391 469 540 1050 0 1107 836 375 1509 
199743 980 484 587 175 510 704 1086 941 596 880 248 706 443 59 644 836 258 327 717 998 601 782 208 1344 348 634 795 838 981 556 1104 1245 391 653 874 308 586 498 1052 662 1162 360 717 1143 1063 706 567 418 1107 0 563 747 499 
199813 1057 740 273 610 245 483 629 516 783 551 486 192 536 504 493 279 358 583 847 561 166 890 654 896 214 535 640 412 979 324 635 776 393 98 404 534 716 640 1050 368 1264 788 160 705 1131 377 564 252 836 563 0 745 1006 
199889 485 563 964 825 954 970 402 277 1246 194 629 552 304 718 680 502 500 420 227 315 857 286 868 612 728 1020 536 382 245 1033 422 523 920 666 550 630 359 534 316 806 657 1010 622 422 445 368 180 943 375 747 745 0 1149 
199662 1252 885 972 501 1010 750 1536 1392 641 1328 519 1115 845 558 917 1240 723 729 989 1449 959 1054 446 1746 848 680 1067 1289 1383 771 1438 1593 717 1056 1305 584 858 770 1454 891 1435 406 1120 1572 1465 1156 968 918 1509 499 1006 1149 0 
EOF