NAME : single
TYPE : ATSP
DIMENSION : 35
EDGE_WEIGHT_TYPE : EXPLICIT
EDGE_WEIGHT_FORMAT : FULL_MATRIX
EDGE_WEIGHT_SECTION
0 805 187 819 937 888 1262 339 342 794 1293 313 349 465 1195 229 745 830 110 833 1308 916 1222 867 174 426 1284 1226 726 284 424 169 521 1209 1263 
199837 0 781 1338 1075 1720 1342 843 815 1488 1935 854 822 1197 1832 820 1438 1524 770 1497 1975 1520 1805 1556 724 1158 1960 1894 1420 878 1155 764 1181 1885 1936 
199957 781 0 1006 1125 1066 1450 168 182 981 1480 146 184 471 1383 65 932 1017 89 1020 1496 1103 1410 1054 64 432 1471 1414 914 121 429 40 709 1396 1450 
199839 1338 1006 0 515 538 719 1159 1161 173 703 1132 1168 1086 606 1049 123 189 930 158 719 248 633 217 993 1047 694 637 144 1104 1045 988 297 620 673 
199816 1075 1125 515 0 740 324 1277 1279 629 952 1251 1287 1403 849 1167 578 664 1048 635 993 626 822 676 1112 1364 978 911 560 1222 1362 1106 759 902 954 
199827 1720 1066 538 740 0 540 1226 1228 378 574 1200 1235 1354 477 1116 427 349 997 380 590 382 504 332 1063 1315 566 508 453 1171 1313 1056 651 491 544 
199751 1342 1450 719 324 540 0 1602 1604 599 671 1576 1611 1696 568 1492 649 592 1373 561 711 552 541 601 1437 1657 696 630 685 1547 1654 1431 910 621 672 
199925 843 168 1159 1277 1226 1602 0 37 1134 1633 28 19 615 1535 111 1085 1169 229 1173 1648 1256 1562 1207 197 576 1624 1566 1066 56 573 174 861 1549 1603 
199923 815 182 1161 1279 1228 1604 37 0 1136 1635 39 56 626 1537 122 1087 1172 231 1175 1650 1258 1564 1209 214 587 1626 1568 1068 62 584 185 864 1551 1605 
199837 1488 981 173 629 378 599 1134 1136 0 542 1107 1143 1096 445 1024 49 36 905 38 558 123 472 74 968 1057 533 476 85 1079 1054 963 310 459 512 
199744 1935 1480 703 952 574 671 1633 1635 542 0 1606 1642 1638 103 1522 592 514 1403 545 42 547 129 497 1467 1599 36 148 628 1577 1597 1462 851 82 30 
199930 854 146 1132 1251 1200 1576 28 39 1107 1606 0 45 591 1509 87 1058 1143 202 1146 1622 1230 1536 1180 177 552 1597 1540 1040 28 550 151 835 1523 1576 
199923 822 184 1168 1287 1235 1611 19 56 1143 1642 45 0 623 1545 119 1094 1179 238 1182 1658 1265 1571 1216 215 584 1633 1576 1076 69 582 183 871 1558 1612 
199902 1197 471 1086 1403 1354 1696 615 626 1096 1638 591 623 0 1541 504 1046 1131 444 1134 1654 1218 1568 1169 471 96 1630 1572 1028 564 78 440 789 1555 1608 
199765 1832 1383 606 849 477 568 1535 1537 445 103 1509 1545 1541 0 1425 494 417 1306 447 143 449 26 400 1370 1502 129 62 530 1480 1500 1364 753 102 104 
199947 820 65 1049 1167 1116 1492 111 122 1024 1522 87 119 504 1425 0 974 1059 118 1062 1538 1146 1452 1097 95 465 1514 1456 956 60 462 63 751 1439 1492 
199847 1438 932 123 578 427 649 1085 1087 49 592 1058 1094 1046 494 974 0 84 855 88 607 171 521 122 919 1007 583 525 42 1029 1005 914 261 508 562 
199830 1524 1017 189 664 349 592 1169 1172 36 514 1143 1179 1131 417 1059 84 0 940 30 530 86 443 38 1004 1092 505 448 115 1114 1090 999 346 430 484 
199962 770 89 930 1048 997 1373 229 231 905 1403 202 238 444 1306 118 855 940 0 943 1419 1027 1333 978 95 405 1395 1337 837 173 402 67 632 1320 1374 
199829 1497 1020 158 635 380 561 1173 1175 38 545 1146 1182 1134 447 1062 88 30 943 0 560 98 474 58 1007 1095 536 478 124 1117 1093 1002 349 461 515 
199742 1975 1496 719 993 590 711 1648 1650 558 42 1622 1658 1654 143 1538 607 530 1419 560 0 562 170 513 1483 1615 24 183 643 1593 1613 1477 866 99 48 
199812 1520 1103 248 626 382 552 1256 1258 123 547 1230 1265 1218 449 1146 171 86 1027 98 562 0 476 49 1091 1179 538 480 199 1201 1176 1085 432 463 517 
199760 1805 1410 633 822 504 541 1562 1564 472 129 1536 1571 1568 26 1452 521 443 1333 474 170 476 0 427 1397 1529 155 89 557 1507 1527 1391 780 113 131 
199822 1556 1054 217 676 332 601 1207 1209 74 497 1180 1216 1169 400 1097 122 38 978 58 513 49 427 0 1041 1130 488 431 149 1152 1127 1036 383 414 467 
199953 724 64 993 1112 1063 1437 197 214 968 1467 177 215 471 1370 95 919 1004 95 1007 1483 1091 1397 1041 0 432 1458 1401 901 152 430 42 696 1383 1437 
199910 1158 432 1047 1364 1315 1657 576 587 1057 1599 552 584 96 1502 465 1007 1092 405 1095 1615 1179 1529 1130 432 0 1591 1533 989 525 19 401 750 1516 1569 
199747 1960 1471 694 978 566 696 1624 1626 533 36 1597 1633 1630 129 1514 583 505 1395 536 24 538 155 488 1458 1591 0 162 619 1569 1588 1453 842 74 26 
199759 1894 1414 637 911 508 630 1566 1568 476 148 1540 1576 1572 62 1456 525 448 1337 478 183 480 89 431 1401 1533 162 0 561 1511 1531 1395 784 108 135 
199850 1420 914 144 560 453 685 1066 1068 85 628 1040 1076 1028 530 956 42 115 837 124 643 199 557 149 901 989 619 561 0 1011 986 895 242 544 598 
199935 878 121 1104 1222 1171 1547 56 62 1079 1577 28 69 564 1480 60 1029 1114 173 1117 1593 1201 1507 1152 152 525 1569 1511 1011 0 522 123 806 1494 1548 
199910 1155 429 1045 1362 1313 1654 573 584 1054 1597 550 582 78 1500 462 1005 1090 402 1093 1613 1176 1527 1127 430 19 1588 1531 986 522 0 399 747 1513 1567 
199958 764 40 988 1106 1056 1431 174 185 963 1462 151 183 440 1364 63 914 999 67 1002 1477 1085 1391 1036 42 401 1453 1395 895 123 399 0 691 1378 1432 
199898 1181 709 297 759 651 910 861 864 310 851 835 871 789 753 751 261 346 632 349 866 432 780 383 696 750 842 784 242 806 747 691 0 767 821 
199762 1885 1396 620 902 491 621 1549 1551 459 82 1523 1558 1555 102 1439 508 430 1320 461 99 463 113 414 1383 1516 74 108 544 1494 1513 1378 767 0 53 
199751 1936 1450 673 954 544 672 1603 1605 512 30 1576 1612 1608 104 1492 562 484 1374 515 48 517 131 467 1437 1569 26 135 598 1548 1567 1432 821 53 0 
EOF