NAME : single
TYPE : ATSP
DIMENSION : 77
EDGE_WEIGHT_TYPE : EXPLICIT
EDGE_WEIGHT_FORMAT : FULL_MATRIX
EDGE_WEIGHT_SECTION
0 809 569 995 1091 891 1279 1391 1437 92 48 1223 1341 1386 1391 1351 1431 446 551 1178 1428 111 483 1236 1349 1366 1379 1514 1406 429 1339 1437 1441 76 287 770 1361 1371 1395 1477 1413 417 588 1311 1385 163 1371 1389 1413 1496 1478 461 1330 1163 1342 96 107 781 1325 1412 1384 1517 1380 425 604 1268 1607 501 1128 1292 1042 397 824 591 619 1214 871 
199826 0 615 733 940 912 1089 999 1132 880 858 1077 1107 1133 1102 886 966 776 425 873 1123 903 504 1090 1121 1091 1091 1050 942 774 987 1124 1135 843 529 619 1140 1103 1107 1012 949 790 365 1000 1079 653 1149 1102 1125 1032 1013 768 978 858 1037 778 917 630 1124 1130 1096 1053 915 834 349 963 1306 522 984 828 694 419 673 486 487 750 538 
199879 615 0 632 695 352 883 893 939 594 608 828 945 990 1016 939 1019 1009 657 680 930 616 149 840 953 970 1012 1102 995 999 841 938 943 556 282 394 965 975 1023 1065 1001 988 597 813 887 406 975 993 1039 1084 1066 1000 833 665 844 490 661 395 929 1016 1024 1105 968 995 581 770 1068 141 732 881 636 195 418 289 276 802 471 
199792 733 632 0 294 376 392 489 657 1086 1043 392 409 436 404 376 456 1321 982 531 648 1103 572 405 423 394 393 539 432 1318 483 634 660 1046 764 265 442 405 409 502 438 1335 922 509 603 888 451 404 427 521 503 1312 487 516 561 981 1103 254 426 432 398 543 405 1379 906 550 798 560 296 318 534 654 214 445 417 239 699 
199775 940 695 294 0 438 206 482 650 1178 1140 135 255 299 326 337 423 1515 1190 633 641 1201 634 148 263 280 321 492 408 1513 476 627 654 1141 827 327 275 285 333 481 421 1518 1129 503 597 951 284 303 348 497 474 1507 481 665 554 1075 1199 317 238 325 333 486 398 1524 1113 543 595 622 44 311 777 717 277 508 480 233 941 
199814 912 352 376 438 0 626 613 659 922 936 552 665 709 736 620 706 1319 968 400 649 944 407 557 673 690 731 795 691 1317 561 657 662 884 603 388 685 695 743 763 702 1310 908 532 606 727 694 713 759 778 757 1311 552 385 564 818 989 375 648 736 744 797 697 1317 892 490 740 392 475 694 657 493 335 568 540 615 782 
199738 1089 883 392 206 626 0 588 611 1366 1328 96 81 125 152 202 288 1701 1338 739 621 1389 822 88 89 105 147 317 273 1699 582 634 608 1329 1015 515 101 110 158 346 284 1706 1278 609 664 1139 110 128 174 332 339 1692 587 801 662 1263 1387 505 64 151 159 312 280 1712 1262 649 436 810 170 367 890 904 465 696 668 339 1055 
199715 999 893 489 482 613 588 0 178 1456 1439 579 606 632 601 385 465 1297 945 213 168 1479 908 591 620 590 590 549 441 1294 52 185 181 1419 1104 754 639 602 606 511 448 1311 885 80 125 1228 648 601 624 531 512 1288 61 274 83 1354 1499 743 622 629 595 552 414 1355 869 122 352 900 483 327 624 994 703 935 906 249 759 
199705 1132 939 657 650 659 611 178 0 1503 1485 637 563 607 634 553 633 1419 1068 284 17 1525 954 625 571 587 629 657 609 1417 174 55 13 1465 1150 881 583 592 641 679 616 1433 1008 154 54 1274 592 610 656 673 680 1411 177 345 94 1400 1545 879 546 633 641 651 582 1477 992 194 174 946 651 495 747 1040 836 1004 1019 417 881 
199978 880 594 1086 1178 922 1366 1456 1503 0 64 1311 1428 1473 1481 1422 1502 511 632 1243 1493 22 547 1323 1436 1453 1470 1585 1478 494 1404 1500 1506 39 351 863 1448 1458 1486 1548 1484 483 668 1376 1450 227 1458 1476 1504 1567 1549 527 1396 1229 1408 104 89 874 1412 1499 1475 1588 1451 491 685 1334 1638 564 1215 1364 1123 461 901 684 712 1285 951 
199973 858 608 1043 1140 936 1328 1439 1485 64 0 1272 1390 1434 1439 1399 1479 495 600 1226 1476 78 531 1284 1398 1415 1428 1563 1455 477 1387 1484 1489 83 335 818 1410 1420 1444 1525 1462 466 637 1359 1433 211 1419 1438 1462 1545 1526 509 1379 1211 1390 128 59 830 1373 1460 1433 1566 1428 474 653 1316 1653 548 1176 1341 1091 445 872 640 668 1263 920 
199749 1077 828 392 135 552 96 579 637 1311 1272 0 119 164 190 204 289 1647 1326 730 648 1333 766 12 127 144 185 356 274 1645 572 661 635 1273 959 459 139 149 197 347 285 1650 1265 599 691 1083 148 167 213 363 340 1638 577 791 652 1207 1331 449 103 190 198 350 281 1656 1249 639 463 754 95 368 881 848 409 640 612 329 1045 
199725 1107 945 409 255 665 81 606 563 1428 1390 119 0 47 71 220 305 1718 1355 757 573 1451 885 108 15 26 68 236 291 1716 599 586 560 1391 1077 578 34 29 78 279 301 1732 1295 626 616 1201 43 47 94 251 279 1710 604 818 658 1326 1449 567 16 71 81 231 297 1775 1279 667 389 873 215 384 908 967 527 758 730 356 1072 
199717 1133 990 436 299 709 125 632 607 1473 1434 164 47 0 61 246 286 1745 1382 783 618 1495 929 152 36 42 67 201 305 1743 626 630 605 1435 1121 622 32 30 64 243 305 1759 1322 653 661 1245 31 37 66 216 244 1736 631 845 702 1370 1494 611 60 30 79 195 325 1803 1306 693 433 917 259 412 934 1011 571 803 774 383 1099 
199713 1102 1016 404 326 736 152 601 634 1481 1439 190 71 61 0 215 274 1714 1351 752 644 1499 956 179 71 48 11 189 287 1711 595 657 631 1442 1148 648 85 43 7 231 293 1728 1291 622 687 1272 90 26 25 204 232 1705 600 814 673 1377 1498 638 87 37 18 183 294 1772 1275 662 460 943 286 381 903 1038 598 829 801 352 1068 
199719 886 939 376 337 620 202 385 553 1422 1399 204 220 246 215 0 85 1558 1135 537 544 1445 878 208 234 204 204 175 70 1555 379 530 557 1385 1071 641 253 216 220 142 81 1572 1075 406 500 1195 262 215 238 158 136 1549 384 598 458 1319 1459 631 237 243 209 176 77 1583 1059 446 578 866 299 164 687 960 591 822 794 136 852 
199703 966 1019 456 423 706 288 465 633 1502 1479 289 305 286 274 85 0 1638 1215 616 624 1524 958 294 314 290 283 89 24 1635 459 610 637 1465 1150 721 309 301 269 60 19 1652 1155 486 580 1274 304 288 253 72 51 1629 464 678 538 1399 1539 711 322 267 276 91 52 1663 1139 526 568 946 384 138 767 1040 671 902 874 216 932 
199886 776 1009 1321 1515 1319 1701 1297 1419 511 495 1647 1718 1745 1714 1558 1638 0 490 1160 1410 519 930 1660 1732 1703 1702 1721 1613 20 1268 1411 1423 522 734 1194 1752 1715 1719 1684 1620 72 527 1287 1367 610 1761 1714 1737 1703 1684 16 1265 1145 1324 543 554 1206 1735 1742 1707 1724 1586 130 543 1250 1593 947 1552 1499 981 844 1248 1037 1062 1421 810 
199882 425 657 982 1190 968 1338 945 1068 632 600 1326 1355 1382 1351 1135 1215 490 0 809 1058 639 621 1339 1369 1340 1339 1298 1191 473 917 1060 1071 603 425 867 1389 1352 1356 1261 1197 462 59 936 1015 539 1398 1350 1374 1280 1262 489 913 794 973 538 659 880 1372 1379 1344 1302 1164 470 75 899 1242 639 1232 1077 514 535 922 723 736 998 342 
199757 873 680 531 633 400 739 213 284 1243 1226 730 757 783 752 537 616 1160 809 0 280 1266 695 743 771 742 741 700 592 1158 161 257 292 1206 891 622 790 753 757 663 599 1174 749 132 236 1015 799 752 775 682 663 1152 152 61 194 1141 1286 620 774 780 746 703 565 1218 733 90 454 687 634 478 488 781 576 745 760 400 622 
199707 1123 930 648 641 649 621 168 17 1493 1476 648 573 618 644 544 624 1410 1058 280 0 1516 945 635 581 598 639 667 600 1408 163 63 12 1456 1141 872 593 603 651 670 607 1424 999 153 43 1265 602 621 667 683 671 1401 168 335 85 1391 1536 870 557 644 652 661 573 1468 983 191 184 937 642 486 738 1031 826 995 1009 408 872 
199977 903 616 1103 1201 944 1389 1479 1525 22 78 1333 1451 1495 1499 1445 1524 519 639 1266 1516 0 569 1345 1459 1476 1488 1608 1500 501 1427 1523 1529 61 373 881 1471 1481 1504 1571 1507 490 676 1399 1473 250 1480 1499 1522 1590 1571 535 1419 1251 1430 126 79 893 1434 1521 1492 1611 1473 498 692 1356 1660 587 1237 1386 1130 484 923 703 730 1308 959 
199887 504 149 572 634 407 822 908 954 547 531 766 885 929 956 878 958 930 621 695 945 569 0 779 893 909 951 1041 934 912 856 953 958 510 196 333 905 914 962 1004 940 901 613 828 902 319 914 932 978 1023 1005 944 848 680 859 444 590 335 868 955 963 1045 907 909 596 785 1124 17 671 820 651 85 357 200 186 742 486 
199747 1090 840 405 148 557 88 591 625 1323 1284 12 108 152 179 208 294 1660 1339 743 635 1345 779 0 116 132 174 345 279 1657 585 648 622 1285 971 472 128 137 185 352 290 1663 1278 612 678 1095 137 155 201 360 346 1651 590 804 665 1220 1344 461 91 178 186 339 286 1669 1262 652 451 767 108 373 894 861 421 652 624 342 1058 
199724 1121 953 423 263 673 89 620 571 1436 1398 127 15 36 71 234 314 1732 1369 771 581 1459 893 116 0 35 75 228 305 1730 614 594 568 1399 1085 586 19 29 76 271 315 1746 1309 640 624 1209 28 45 88 243 271 1724 618 832 666 1334 1457 575 24 63 88 222 311 1783 1293 681 397 880 223 398 922 975 535 766 738 370 1086 
199721 1091 970 394 280 690 105 590 587 1453 1415 144 26 42 48 204 290 1703 1340 742 598 1476 909 132 35 0 43 223 275 1701 584 611 585 1416 1102 602 52 12 55 266 286 1717 1280 611 641 1226 60 25 72 238 266 1694 589 803 664 1350 1474 592 41 53 56 218 282 1761 1264 651 413 897 239 369 892 991 552 783 755 341 1057 
199715 1091 1012 393 321 731 147 590 629 1470 1428 185 68 67 11 204 283 1702 1339 741 639 1488 951 174 75 43 0 197 276 1700 584 652 627 1431 1143 644 90 46 16 239 287 1717 1280 610 683 1267 96 31 35 212 240 1694 588 802 662 1365 1487 633 82 47 13 191 281 1760 1264 651 455 939 281 369 892 1033 593 824 796 341 1056 
199686 1050 1102 539 492 795 317 549 657 1585 1563 356 236 201 189 175 89 1721 1298 700 667 1608 1041 345 228 223 197 0 107 1718 542 681 654 1548 1234 805 223 215 183 49 108 1735 1238 569 663 1358 219 203 168 18 80 1712 547 761 621 1482 1622 795 253 181 190 12 135 1746 1222 610 483 1029 451 221 851 1123 755 986 958 299 1015 
199708 942 995 432 408 691 273 441 609 1478 1455 274 291 305 287 70 24 1613 1191 592 600 1500 934 279 305 275 276 107 0 1611 435 586 613 1440 1126 697 325 287 288 71 11 1627 1131 462 556 1250 323 287 272 89 74 1605 440 654 513 1375 1514 686 307 285 281 110 29 1639 1115 502 587 922 370 114 743 1016 646 877 849 192 907 
199890 774 999 1318 1513 1317 1699 1294 1417 494 477 1645 1716 1743 1711 1555 1635 20 473 1158 1408 501 912 1657 1730 1701 1700 1718 1611 0 1266 1409 1420 505 716 1191 1749 1712 1716 1681 1618 54 510 1285 1364 592 1758 1711 1734 1700 1682 32 1263 1143 1322 525 537 1203 1733 1739 1705 1722 1584 112 526 1248 1591 930 1549 1497 964 827 1247 1020 1048 1419 793 
199725 987 841 483 476 561 582 52 174 1404 1387 572 599 626 595 379 459 1268 917 161 163 1427 856 585 614 584 584 542 435 1266 0 154 177 1367 1052 748 633 596 600 505 442 1282 857 30 120 1176 642 595 618 524 506 1259 8 222 78 1302 1447 737 616 623 588 546 408 1326 841 70 348 848 477 321 596 942 697 906 901 243 730 
199706 1124 938 634 627 657 634 185 55 1500 1484 661 586 630 657 530 610 1411 1060 257 63 1523 953 648 594 611 652 681 586 1409 154 0 68 1463 1148 879 606 616 664 656 593 1425 1000 124 76 1272 615 634 679 675 657 1403 146 318 101 1398 1543 877 569 656 664 675 559 1469 984 166 197 944 628 472 739 1038 833 1002 1017 394 874 
199705 1135 943 660 654 662 608 181 13 1506 1489 635 560 605 631 557 637 1423 1071 292 12 1529 958 622 568 585 627 654 613 1420 177 68 0 1469 1154 885 580 590 638 683 619 1437 1011 164 56 1278 589 608 654 669 684 1414 180 348 98 1403 1548 883 544 631 639 648 586 1481 995 202 171 950 655 499 750 1044 839 1008 1022 421 885 
199973 843 556 1046 1141 884 1329 1419 1465 39 83 1273 1391 1435 1442 1385 1465 522 603 1206 1456 61 510 1285 1399 1416 1431 1548 1440 505 1367 1463 1469 0 314 840 1411 1421 1447 1511 1447 494 640 1339 1413 193 1420 1439 1465 1530 1512 539 1359 1191 1371 65 122 841 1374 1462 1436 1551 1414 502 656 1296 1600 527 1177 1326 1094 424 863 668 693 1248 923 
199926 529 282 764 827 603 1015 1104 1150 351 335 959 1077 1121 1148 1071 1150 734 425 891 1141 373 196 971 1085 1102 1143 1234 1126 716 1052 1148 1154 314 0 525 1097 1107 1155 1197 1133 705 462 1024 1098 123 1106 1125 1170 1216 1197 748 1044 876 1055 248 394 527 1060 1147 1156 1237 1099 713 478 981 1320 213 863 1012 847 110 549 392 379 934 682 
199840 619 394 265 327 388 515 754 881 863 818 459 578 622 648 641 721 1194 867 622 872 881 333 472 586 602 644 805 697 1191 748 879 885 840 525 0 597 607 655 767 703 1191 807 754 828 649 607 625 671 787 768 1185 753 607 786 774 878 11 561 648 656 809 670 1196 791 712 917 321 364 583 475 415 54 180 152 505 640 
199721 1140 965 442 275 685 101 639 583 1448 1410 139 34 32 85 253 309 1752 1389 790 593 1471 905 128 19 52 90 223 325 1749 633 606 580 1411 1097 597 0 45 89 265 328 1766 1329 660 636 1221 9 60 92 238 266 1743 638 851 678 1346 1469 587 36 61 102 217 331 1794 1313 700 409 892 235 418 941 987 547 778 750 390 1105 
199719 1103 975 405 285 695 110 602 592 1458 1420 149 29 30 43 216 301 1715 1352 753 603 1481 914 137 29 12 46 215 287 1712 596 616 590 1421 1107 607 45 0 49 257 298 1729 1292 623 646 1231 52 18 65 230 258 1706 601 814 675 1355 1479 597 46 43 59 209 294 1773 1276 663 418 902 244 381 904 996 557 788 760 353 1068 
199712 1107 1023 409 333 743 158 606 641 1486 1444 197 78 64 7 220 269 1719 1356 757 651 1504 962 185 76 55 16 183 288 1716 600 664 638 1447 1155 655 89 49 0 226 288 1733 1296 627 694 1279 94 31 19 198 226 1710 605 818 678 1382 1503 645 94 39 16 177 299 1776 1280 667 466 950 292 386 908 1044 605 836 808 357 1072 
199694 1012 1065 502 481 763 346 511 679 1548 1525 347 279 243 231 142 60 1684 1261 663 670 1571 1004 352 271 266 239 49 71 1681 505 656 683 1511 1197 767 265 257 226 0 75 1698 1201 532 626 1321 261 245 210 32 85 1675 510 724 584 1445 1585 757 295 223 233 59 97 1709 1185 572 525 992 443 184 813 1086 717 948 920 262 978 
199706 949 1001 438 421 702 284 448 616 1484 1462 285 301 305 293 81 19 1620 1197 599 607 1507 940 290 315 286 287 108 11 1618 442 593 619 1447 1133 703 328 298 288 75 0 1634 1137 468 562 1257 323 298 272 90 65 1611 446 660 520 1381 1521 693 318 286 291 110 33 1645 1121 509 587 928 381 120 750 1023 653 884 856 198 914 
199892 790 988 1335 1518 1310 1706 1311 1433 483 466 1650 1732 1759 1728 1572 1652 72 462 1174 1424 490 901 1663 1746 1717 1717 1735 1627 54 1282 1425 1437 494 705 1191 1766 1729 1733 1698 1634 0 499 1301 1381 581 1775 1728 1751 1717 1698 73 1279 1159 1338 514 525 1202 1749 1756 1721 1738 1600 58 515 1264 1607 919 1555 1513 953 815 1244 1009 1037 1435 782 
199875 365 597 922 1129 908 1278 885 1008 668 637 1265 1295 1322 1291 1075 1155 527 59 749 999 676 613 1278 1309 1280 1280 1238 1131 510 857 1000 1011 640 462 807 1329 1292 1296 1201 1137 499 0 876 955 575 1338 1291 1314 1220 1202 527 854 734 913 574 696 819 1312 1319 1284 1242 1104 506 16 839 1182 605 1172 1017 454 572 861 662 676 939 282 
199731 1000 813 509 503 532 609 80 154 1376 1359 599 626 653 622 406 486 1287 936 132 153 1399 828 612 640 611 610 569 462 1285 30 124 164 1339 1024 754 660 623 627 532 468 1301 876 0 117 1148 669 622 645 551 533 1278 22 194 83 1273 1418 753 643 650 615 573 435 1345 860 42 321 820 504 348 615 913 709 878 892 269 749 
199716 1079 887 603 597 606 664 125 54 1450 1433 691 616 661 687 500 580 1367 1015 236 43 1473 902 678 624 641 683 663 556 1364 120 76 56 1413 1098 828 636 646 694 626 562 1381 955 117 0 1222 646 664 710 645 627 1358 123 292 42 1347 1492 827 600 687 695 667 529 1425 939 152 227 894 598 442 694 988 783 952 966 363 829 
199952 653 406 888 951 727 1139 1228 1274 227 211 1083 1201 1245 1272 1195 1274 610 539 1015 1265 250 319 1095 1209 1226 1267 1358 1250 592 1176 1272 1278 193 123 649 1221 1231 1279 1321 1257 581 575 1148 1222 0 1230 1249 1294 1340 1321 624 1168 1000 1179 134 270 651 1184 1271 1279 1361 1223 589 592 1105 1444 337 987 1136 971 234 673 516 503 1058 807 
199720 1149 975 451 284 694 110 648 592 1458 1419 148 43 31 90 262 304 1761 1398 799 602 1480 914 137 28 60 96 219 323 1758 642 615 589 1420 1106 607 9 52 94 261 323 1775 1338 669 646 1230 0 66 97 234 262 1752 647 861 687 1355 1478 596 45 60 108 213 340 1804 1322 709 418 902 244 428 950 996 556 787 759 399 1114 
199716 1102 993 404 303 713 128 601 610 1476 1438 167 47 37 26 215 288 1714 1350 752 621 1499 932 155 45 25 31 203 287 1711 595 634 608 1439 1125 625 60 18 31 245 298 1728 1291 622 664 1249 66 0 47 218 246 1705 599 813 673 1373 1497 615 64 30 43 197 292 1771 1275 662 436 920 262 380 903 1014 575 806 778 352 1067 
199709 1125 1039 427 348 759 174 624 656 1504 1462 213 94 66 25 238 253 1737 1374 775 667 1522 978 201 88 72 35 168 272 1734 618 679 654 1465 1170 671 92 65 19 210 272 1751 1314 645 710 1294 97 47 0 183 211 1728 622 836 696 1399 1521 661 110 38 30 162 300 1794 1298 685 482 966 308 386 926 1060 621 852 824 375 1090 
199690 1032 1084 521 497 778 332 531 673 1567 1545 363 251 216 204 158 72 1703 1280 682 683 1590 1023 360 243 238 212 18 89 1700 524 675 669 1530 1216 787 238 230 198 32 90 1717 1220 551 645 1340 234 218 183 0 68 1694 529 743 603 1464 1604 777 268 196 205 26 117 1728 1204 591 498 1011 458 203 833 1105 737 968 940 281 997 
199694 1013 1066 503 474 757 339 512 680 1549 1526 340 279 244 232 136 51 1684 1262 663 671 1571 1005 346 271 266 240 80 74 1682 506 657 684 1512 1197 768 266 258 226 85 65 1698 1202 533 627 1321 262 246 211 68 0 1676 511 725 584 1446 1585 758 296 224 233 78 97 1710 1186 573 526 993 436 185 814 1087 718 949 921 263 979 
199873 768 1000 1312 1507 1311 1692 1288 1411 527 509 1638 1710 1736 1705 1549 1629 16 489 1152 1401 535 944 1651 1724 1694 1694 1712 1605 32 1259 1403 1414 539 748 1185 1743 1706 1710 1675 1611 73 527 1278 1358 624 1752 1705 1728 1694 1676 0 1256 1137 1316 557 568 1197 1726 1733 1699 1716 1578 131 543 1242 1585 962 1543 1491 981 858 1239 1052 1054 1412 810 
199727 978 833 487 481 552 587 61 177 1396 1379 577 604 631 600 384 464 1265 913 152 168 1419 848 590 618 589 588 547 440 1263 8 146 180 1359 1044 753 638 601 605 510 446 1279 854 22 123 1168 647 599 622 529 511 1256 0 213 81 1293 1438 742 621 628 593 550 413 1323 838 62 343 839 482 326 593 933 702 898 906 247 727 
199760 858 665 516 665 385 801 274 345 1229 1211 791 818 845 814 598 678 1145 794 61 335 1251 680 804 832 803 802 761 654 1143 222 318 348 1191 876 607 851 814 818 724 660 1159 734 194 292 1000 861 813 836 743 725 1137 213 0 250 1126 1271 605 835 842 807 764 627 1203 718 151 515 672 696 539 473 766 562 731 745 461 608 
199724 1037 844 561 554 564 662 83 94 1408 1390 652 658 702 673 458 538 1324 973 194 85 1430 859 665 666 664 662 621 513 1322 78 101 98 1371 1055 786 678 675 678 584 520 1338 913 83 42 1179 687 673 696 603 584 1316 81 250 0 1305 1450 784 641 702 667 624 486 1382 897 113 268 851 555 399 652 945 741 910 924 321 787 
199958 778 490 981 1075 818 1263 1354 1400 104 128 1207 1326 1370 1377 1319 1399 543 538 1141 1391 126 444 1220 1334 1350 1365 1482 1375 525 1302 1398 1403 65 248 774 1346 1355 1382 1445 1381 514 574 1273 1347 134 1355 1373 1399 1464 1446 557 1293 1126 1305 0 178 776 1309 1396 1370 1486 1348 522 590 1231 1535 462 1112 1261 1028 358 798 616 627 1183 857 
199966 917 661 1103 1199 989 1387 1499 1545 89 59 1331 1449 1494 1498 1459 1539 554 659 1286 1536 79 590 1344 1457 1474 1487 1622 1514 537 1447 1543 1548 122 394 878 1469 1479 1503 1585 1521 525 696 1418 1492 270 1478 1497 1521 1604 1585 568 1438 1271 1450 178 0 889 1433 1520 1492 1625 1487 533 712 1376 1705 608 1236 1400 1150 504 932 699 727 1322 979 
199837 630 395 254 317 375 505 743 879 874 830 449 567 611 638 631 711 1206 880 620 870 893 335 461 575 592 633 795 686 1203 737 877 883 841 527 11 587 597 645 757 693 1202 819 753 827 651 596 615 661 777 758 1197 742 605 784 776 889 0 550 637 646 798 660 1207 803 710 907 323 353 572 477 417 42 192 163 494 641 
199729 1124 929 426 238 648 64 622 546 1412 1373 103 16 60 87 237 322 1735 1372 774 557 1434 868 91 24 41 82 253 307 1733 616 569 544 1374 1060 561 36 46 94 295 318 1749 1312 643 600 1184 45 64 110 268 296 1726 621 835 641 1309 1433 550 0 87 95 247 314 1758 1296 683 372 856 198 401 924 950 511 742 713 373 1089 
199711 1130 1016 432 325 736 151 629 633 1499 1460 190 71 30 37 243 267 1742 1379 780 644 1521 955 178 63 53 47 181 285 1739 623 656 631 1462 1147 648 61 43 39 223 286 1756 1319 650 687 1271 60 30 38 196 224 1733 628 842 702 1396 1520 637 87 0 55 175 313 1800 1303 690 459 943 285 399 931 1037 598 829 800 380 1095 
199715 1096 1024 398 333 744 159 595 641 1475 1433 198 81 79 18 209 276 1707 1344 746 652 1492 963 186 88 56 13 190 281 1705 588 664 639 1436 1156 656 102 59 16 233 291 1721 1284 615 695 1279 108 43 30 205 233 1699 593 807 667 1370 1492 646 95 55 0 184 287 1765 1268 656 467 951 293 374 897 1045 606 837 809 345 1061 
199679 1053 1105 543 486 797 312 552 651 1588 1566 350 231 195 183 176 91 1724 1302 703 661 1611 1045 339 222 218 191 12 110 1722 546 675 648 1551 1237 809 217 209 177 59 110 1738 1242 573 667 1361 213 197 162 26 78 1716 550 764 624 1486 1625 798 247 175 184 0 139 1750 1226 613 477 1032 446 224 854 1127 758 989 961 303 1018 
199713 915 968 405 398 697 280 414 582 1451 1428 281 297 325 294 77 52 1586 1164 565 573 1473 907 286 311 282 281 135 29 1584 408 559 586 1414 1099 670 331 294 299 97 33 1600 1104 435 529 1223 340 292 300 117 97 1578 413 627 486 1348 1487 660 314 313 287 139 0 1612 1088 475 615 895 377 87 716 989 620 851 823 165 881 
199890 834 995 1379 1524 1317 1712 1355 1477 491 474 1656 1775 1803 1772 1583 1663 130 470 1218 1468 498 909 1669 1783 1761 1760 1746 1639 112 1326 1469 1481 502 713 1196 1794 1773 1776 1709 1645 58 506 1345 1425 589 1804 1771 1794 1728 1710 131 1323 1203 1382 522 533 1207 1758 1800 1765 1750 1612 0 523 1308 1651 927 1561 1525 961 823 1251 1017 1045 1447 789 
199872 349 581 906 1113 892 1262 869 992 685 653 1249 1279 1306 1275 1059 1139 543 75 733 983 692 596 1262 1293 1264 1264 1222 1115 526 841 984 995 656 478 791 1313 1276 1280 1185 1121 515 16 860 939 592 1322 1275 1298 1204 1186 543 838 718 897 590 712 803 1296 1303 1268 1226 1088 523 0 823 1166 588 1156 1001 438 588 845 646 659 922 266 
199739 963 770 550 543 490 649 122 194 1334 1316 639 667 693 662 446 526 1250 899 90 191 1356 785 652 681 651 651 610 502 1248 70 166 202 1296 981 712 700 663 667 572 509 1264 839 42 152 1105 709 662 685 591 573 1242 62 151 113 1231 1376 710 683 690 656 613 475 1308 823 0 363 777 544 388 578 871 667 836 850 310 713 
199670 1306 1068 798 595 740 436 352 174 1638 1653 463 389 433 460 578 568 1593 1242 454 184 1660 1124 451 397 413 455 483 587 1591 348 197 171 1600 1320 917 409 418 466 525 587 1607 1182 321 227 1444 418 436 482 498 526 1585 343 515 268 1535 1705 907 372 459 467 477 615 1651 1166 363 0 1108 559 670 921 1209 867 1098 1070 591 1056 
199883 522 141 560 622 392 810 900 946 564 548 754 873 917 943 866 946 947 639 687 937 587 17 767 880 897 939 1029 922 930 848 944 950 527 213 321 892 902 950 992 928 919 605 820 894 337 902 920 966 1011 993 962 839 672 851 462 608 323 856 943 951 1032 895 927 588 777 1108 0 659 808 643 103 345 188 174 729 478 
199768 984 732 296 44 475 170 483 651 1215 1176 95 215 259 286 299 384 1552 1232 634 642 1237 671 108 223 239 281 451 370 1549 477 628 655 1177 863 364 235 244 292 443 381 1555 1172 504 598 987 244 262 308 458 436 1543 482 696 555 1112 1236 353 198 285 293 446 377 1561 1156 544 559 659 0 312 785 753 313 544 516 234 949 
199731 828 881 318 311 694 367 327 495 1364 1341 368 384 412 381 164 138 1499 1077 478 486 1386 820 373 398 369 369 221 114 1497 321 472 499 1326 1012 583 418 381 386 184 120 1513 1017 348 442 1136 428 380 386 203 185 1491 326 539 399 1261 1400 572 401 399 374 224 87 1525 1001 388 670 808 312 0 629 902 532 763 735 78 793 
199784 694 636 534 777 657 890 624 747 1123 1091 881 908 934 903 687 767 981 514 488 738 1130 651 894 922 892 892 851 743 964 596 739 750 1094 847 475 941 904 908 813 750 953 454 615 694 971 950 903 926 833 814 981 593 473 652 1028 1150 477 924 931 897 854 716 961 438 578 921 643 785 629 0 737 499 642 628 551 171 
199904 419 195 654 717 493 904 994 1040 461 445 848 967 1011 1038 960 1040 844 535 781 1031 484 85 861 975 991 1033 1123 1016 827 942 1038 1044 424 110 415 987 996 1044 1086 1023 815 572 913 988 234 996 1014 1060 1105 1087 858 933 766 945 358 504 417 950 1037 1045 1127 989 823 588 871 1209 103 753 902 737 0 439 282 269 824 572 
199829 673 418 214 277 335 465 703 836 901 872 409 527 571 598 591 671 1248 922 576 826 923 357 421 535 552 593 755 646 1247 697 833 839 863 549 54 547 557 605 717 653 1244 861 709 783 673 556 575 621 737 718 1239 702 562 741 798 932 42 511 598 606 758 620 1251 845 667 867 345 313 532 499 439 0 234 206 454 664 
199875 486 289 445 508 568 696 935 1004 684 640 640 758 803 829 822 902 1037 723 745 995 703 200 652 766 783 824 986 877 1020 906 1002 1008 668 392 180 778 788 836 948 884 1009 662 878 952 516 787 806 852 968 949 1052 898 731 910 616 699 192 742 829 837 989 851 1017 646 836 1098 188 544 763 642 282 234 0 28 685 526 
199870 487 276 417 480 540 668 906 1019 712 668 612 730 774 801 794 874 1062 736 760 1009 730 186 624 738 755 796 958 849 1048 901 1017 1022 693 379 152 750 760 808 920 856 1037 676 892 966 503 759 778 824 940 921 1054 906 745 924 627 727 163 713 800 809 961 823 1045 659 850 1070 174 516 735 628 269 206 28 0 657 527 
199746 750 802 239 233 615 339 249 417 1285 1263 329 356 383 352 136 216 1421 998 400 408 1308 742 342 370 341 341 299 192 1419 243 394 421 1248 934 505 390 353 357 262 198 1435 939 269 363 1058 399 352 375 281 263 1412 247 461 321 1183 1322 494 373 380 345 303 165 1447 922 310 591 729 234 78 551 824 454 685 657 0 715 
199819 538 471 699 941 782 1055 759 881 951 920 1045 1072 1099 1068 852 932 810 342 622 872 959 486 1058 1086 1057 1056 1015 907 793 730 874 885 923 682 640 1105 1068 1072 978 914 782 282 749 829 807 1114 1067 1090 997 979 810 727 608 787 857 979 641 1089 1095 1061 1018 881 789 266 713 1056 478 949 793 171 572 664 526 527 715 0 
EOF