NAME : single
TYPE : ATSP
DIMENSION : 25
EDGE_WEIGHT_TYPE : EXPLICIT
EDGE_WEIGHT_FORMAT : FULL_MATRIX
EDGE_WEIGHT_SECTION
0 0 433 712 866 492 848 905 806 919 294 85 527 573 513 1017 162 536 538 519 321 123 869 1065 799 
199906 0 433 712 866 492 848 905 806 919 294 85 527 573 513 1017 162 536 538 519 321 123 869 1065 799 
199828 433 0 395 532 109 532 588 472 602 223 519 817 196 947 700 271 826 972 895 755 316 509 748 465 
199772 712 395 0 195 286 136 193 112 206 419 765 1211 366 1225 305 665 1220 1250 1232 991 669 212 352 214 
199741 866 532 195 0 423 331 388 83 401 573 919 1314 336 1379 500 768 1323 1404 1387 1145 813 26 548 66 
199816 492 109 286 423 0 423 479 363 493 200 545 925 87 1005 591 379 933 1030 1003 771 423 426 639 356 
199745 848 532 136 331 423 0 56 248 70 555 901 1348 503 1362 168 802 1356 1386 1368 1128 806 349 216 351 
199733 905 588 193 388 479 56 0 305 31 612 958 1405 560 1419 225 859 1413 1443 1425 1185 863 406 273 408 
199753 806 472 112 83 363 248 305 0 319 513 859 1289 276 1320 417 743 1297 1344 1326 1086 763 100 465 120 
199730 919 602 206 401 493 70 31 319 0 626 972 1418 573 1432 239 872 1426 1457 1438 1198 876 419 286 421 
199855 294 223 419 573 200 555 612 513 626 0 347 802 280 808 724 270 811 832 814 574 251 576 772 506 
199919 85 519 765 919 545 901 958 859 972 347 0 612 626 528 1070 247 621 552 514 254 208 922 1118 852 
199838 527 817 1211 1314 925 1348 1405 1289 1418 802 612 0 1012 221 1517 592 21 197 266 700 559 1288 1564 1281 
199800 573 196 366 336 87 503 560 276 573 280 626 1012 0 1087 672 466 1020 1111 1090 853 510 339 719 269 
199871 513 947 1225 1379 1005 1362 1419 1320 1432 808 528 221 1087 0 1531 675 239 24 103 478 636 1383 1578 1312 
199711 1017 700 305 500 591 168 225 417 239 724 1070 1517 672 1531 0 971 1525 1555 1537 1297 975 518 51 520 
199877 162 271 665 768 379 802 859 743 872 270 247 592 466 675 971 0 600 701 652 484 53 742 1018 735 
199837 536 826 1220 1323 933 1356 1413 1297 1426 811 621 21 1020 239 1525 600 0 215 275 718 568 1297 1573 1290 
199876 538 972 1250 1404 1030 1386 1443 1344 1457 832 552 197 1111 24 1555 701 215 0 79 503 662 1408 1603 1337 
199892 519 895 1232 1387 1003 1368 1425 1326 1438 814 514 266 1090 103 1537 652 275 79 0 517 601 1366 1584 1319 
199962 321 755 991 1145 771 1128 1185 1086 1198 574 254 700 853 478 1297 484 718 503 517 0 445 1149 1344 1078 
199887 123 316 669 813 423 806 863 763 876 251 208 559 510 636 975 53 568 662 601 445 0 787 1022 756 
199740 869 509 212 26 426 349 406 100 419 576 922 1288 339 1383 518 742 1297 1408 1366 1149 787 0 565 70 
199701 1065 748 352 548 639 216 273 465 286 772 1118 1564 719 1578 51 1018 1573 1603 1584 1344 1022 565 0 567 
199754 799 465 214 66 356 351 408 120 421 506 852 1281 269 1312 520 735 1290 1337 1319 1078 756 70 567 0 
EOF